3244 3817 0
3817 3221 1
3167 3224 1
3188 3215 0
3155 3218 0 
3146 3954 0
3149 3957 0
3887 3890 0
3890 2303 0
2303 2327 0
3304 2327 0
2327 3152 0
3820 3304 0
3304 3185 0
2348 2357 0
2357 2267 0
2267 2291 0
2291 3893 0
3893 3750 0
3750 3753 0
3753 3756 0
3756 3759 0
3759 3762 0
2354 2345 0
2345 2255 0
2252 3480 0
3978 3477 0
3937 3477 0
2171 2168 0
2168 3441 0
3125 3110 0
3110 3441 0
2381 3110 0
3110 2327 0
3152 2370 0
3795 3792 0
3792 3789 0
3789 3786 0
3786 3783 0
3783 3274 0
3783 2422 0
3314 2370 1
3017 2370 0
2401 2422 0
2401 2370 0
3135 3333 0
3333 2128 0
2128 3110 0
2245 3498 0
3451 3498 0
3324 3498 0
3845 3498 0
3498 2168 0
3471 2168 0
3461 2168 0
2398 2412 0
2419 2433 0
3250 3158 0
2391 2378 0
3094 3113 0
3122 3101 0
2473 2880 0
2949 2905 0
2476 2905 0
2946 2923 0
2479 2923 0
2769 2758 0
2758 3265 0
3265 2458 0
2964 3004 0
2985 3001 0
2467 3001 0
2464 3004 0
2787 3209 0
3209 2887 0
2887 2497 0
2497 2500 0
2503 3206 0
2506 2790 0
2790 2747 0
2747 3286 0
3206 3283 1
3071 3061 0
2482 3061 0
2880 2772 0
2772 2808 0
2740 2808 0
3068 2750 0
2862 2750 0
3277 2750 0
2473 2740 0
2844 2862 0
2826 2808 0
2844 2590 0
2665 2826 0
2524 2862 0
3321 3854 0
3448 3857 0 
2242 3839 0
3836 3468 0
3860 3458 0
3543 2593 0
3600 2596 0
3546 2599 0
3603 2602 0
3549 2605 0
3606 2608 0
3552 2611 0
3609 2614 0
3555 2617 0
3612 2620 0
3558 2623 0
3615 2626 0
2587 2841 0
2584 3597 0
2581 3540 0
2578 3594 0
2575 3537 0
2572 3591 0
2569 3534 0
2566 3588 0
2563 3531 0
2560 3585 0
2557 3528 0
2554 3582 0
2551 3525 0
2548 3579 0
2545 3522 0
2542 3576 0
2539 3519 0
2536 3573 0
2533 3516 0
2530 3570 0
2527 3513 0
2518 3567 0
3684 2632 0
3681 2638 0
3678 2644 0
3675 2650 0
3672 2656 0
3669 2671 0
3666 2677 0
3663 2686 0
3660 2692 0
3657 2698 0
3654 2704 0
3651 2710 0
3648 2716 0
3645 2725 0
3642 2731 0
3639 2443 0
3636 2449 0
3633 2455 0
3630 2488 0
3627 2494 0
3741 2629 0
3738 2635 0
3735 2641 0
3732 2647 0
3729 2653 0
3726 2668 0
3723 2674 0
3720 2683 0
3717 2689 0
3714 2695 0
3711 2701 0
3708 2707 0
3705 2713 0
3702 2719 0
3699 2728 0
3696 2734 0
3693 2446 0
3690 2452 0
3687 2485 0
3744 2491 0
3357 3558 0
3360 3615 0
2430 3555 0
3339 3609 0
3402 3552 0
3399 3606 0
3396 3549 0
3414 3603 0
3420 3546 0
3408 3600 0
3411 3543 0
3393 3594 0
3390 3537 0
3387 3591 0
3384 3534 0
3381 3588 0
3378 3531 0
3375 3585 0
3372 3528 0
3369 3582 0
3104 2551 1
2140 3579 0
2161 3522 0
2134 2536 0
2131 3570 0
2143 3513 0
2515 3510 0
2512 3564 0
2509 3507 0
3027 3621 0
2461 3621 0
3321 3738 0
3448 3681 0
3405 3735 0
3233 3678 0
3236 3732 0
3916 3675 0
3913 3729 0
2186 3672 0
2192 3726 0
2180 3669 0
3458 3723 0
3468 3666 0
3363 3720 0
3366 3663 0
2242 3717 0
3040 2692 0
3345 3714 0
3342 3657 0
3336 3654 0
2204 3708 0
2174 3651 0
2409 3705 0